0.000000e+00 1.134294e-42 7.521331e-32 1.144166e-24 3.068158e-19 7.070384e-15 3.021314e-11 3.148303e-08 7.402113e-06 4.848691e-04 1.066281e-02 8.820918e-02 2.863334e-01 3.602888e-01 1.993832e-01 4.971950e-02 4.809039e-03 1.017938e-04 0.000000e+00 
0.000000e+00 1.767728e-21 1.154859e-14 3.327294e-10 5.909350e-07 1.625327e-04 1.006484e-02 1.409642e-01 4.431721e-01 3.391997e-01 6.372377e-02 2.690247e-03 2.199683e-05 3.594888e-08 1.050647e-11 3.056899e-16 2.404318e-22 1.338495e-31 0.000000e+00 
0.000000e+00 9.178491e-85 1.354506e-64 3.059497e-51 3.942132e-41 5.782489e-33 4.197715e-26 3.201698e-20 1.959232e-15 1.408215e-11 1.741091e-08 4.894885e-06 3.729927e-04 8.278886e-03 6.080159e-02 1.946854e-01 3.194927e-01 2.879793e-01 1.283842e-01 
0.000000e+00 4.771686e-98 2.884307e-74 1.767291e-58 1.639539e-46 7.736627e-37 1.046953e-28 8.422922e-22 3.215721e-16 9.336575e-12 3.227397e-08 1.815393e-05 1.968671e-03 4.106559e-02 2.190328e-01 3.953702e-01 2.720462e-01 6.702863e-02 3.469765e-03 
0.000000e+00 7.136233e-25 4.484407e-16 2.065707e-10 2.057167e-06 1.371550e-03 8.975579e-02 5.648495e-01 3.260073e-01 1.792799e-02 8.581748e-05 2.785077e-08 4.427545e-13 4.002914e-19 1.334803e-26 4.556442e-36 1.011982e-48 6.919491e-68 0.000000e+00 
0.000000e+00 3.678769e-05 8.137024e-03 1.560375e-01 5.071195e-01 3.022679e-01 2.617975e-02 2.212765e-04 1.905522e-07 1.417748e-11 6.374786e-17 1.006059e-23 3.075653e-32 2.284382e-42 1.847898e-54 1.901584e-69 3.112968e-89 5.089980e-119 0.000000e+00 
0.000000e+00 1.375594e-66 1.370502e-46 2.680516e-33 2.186364e-23 1.195315e-15 1.535893e-09 3.977608e-05 2.437103e-02 5.135154e-01 4.469720e-01 1.508679e-02 1.503250e-05 3.633836e-10 2.916398e-16 3.043923e-24 4.562313e-35 2.087797e-51 0.000000e+00 
0.000000e+00 4.544856e-157 1.492274e-118 4.584408e-93 8.650714e-74 3.015556e-58 3.159654e-45 4.146847e-34 4.061624e-25 6.084497e-18 2.840088e-12 6.875375e-08 1.178842e-04 1.667295e-02 2.375833e-01 5.280039e-01 2.076287e-01 9.993135e-03 0.000000e+00 
0.000000e+00 4.585714e-163 3.719329e-122 4.665877e-95 1.441023e-74 4.581618e-58 2.846847e-44 1.333661e-32 2.969029e-23 6.812872e-16 3.371431e-10 5.949125e-06 4.912379e-03 2.077197e-01 6.094744e-01 1.735760e-01 4.308118e-03 3.418128e-06 0.000000e+00 
9.076623e-02 4.072683e-01 3.974284e-01 9.927987e-02 5.218564e-03 3.863406e-05 2.064711e-08 6.045838e-13 8.016807e-19 3.139702e-26 1.858446e-35 6.682722e-47 5.902447e-61 2.487001e-77 8.005973e-97 5.886565e-121 7.742902e-153 5.297908e-201 0.000000e+00 
0.000000e+00 4.043880e-179 4.002615e-133 1.130354e-102 1.108348e-79 3.271759e-61 7.721410e-46 6.334301e-33 1.088653e-22 9.232096e-15 8.597263e-09 1.480549e-04 6.096369e-02 6.706494e-01 2.636596e-01 4.577001e-03 2.226916e-06 3.980873e-12 0.000000e+00 
0.000000e+00 1.797640e-94 5.381987e-65 9.709905e-46 1.408333e-31 1.032864e-20 2.290480e-12 3.213362e-06 1.970644e-02 7.572774e-01 2.225599e-01 4.530075e-04 4.847136e-09 3.829239e-16 1.219857e-25 3.413718e-38 2.152107e-55 8.048244e-82 0.000000e+00 
