0.000000e+00 2.517151e-13 5.102464e-10 1.803242e-07 1.901389e-05 7.499388e-04 1.239614e-02 8.867701e-02 2.760399e-01 3.684444e-01 2.042939e-01 4.540479e-02 3.855849e-03 1.176507e-04 1.195034e-06 3.621023e-09 2.810246e-12 4.427049e-16 9.581414e-21 1.431880e-26 2.137323e-34 0.000000e+00 
0.000000e+00 4.763704e-41 1.019502e-31 6.871774e-25 1.988390e-19 5.793934e-15 2.710403e-11 2.710662e-08 6.924222e-06 5.141068e-04 1.221487e-02 1.003008e-01 3.043730e-01 3.621589e-01 1.785166e-01 3.813036e-02 3.628839e-03 1.529822e-04 2.639629e-06 1.517088e-08 1.504526e-11 0.000000e+00 
0.000000e+00 8.289161e-28 6.870654e-21 9.905692e-16 1.273392e-11 2.568552e-08 1.091340e-05 1.129786e-03 3.066308e-02 2.259240e-01 4.550674e-01 2.493528e-01 3.646377e-02 1.375514e-03 1.272987e-05 2.655694e-08 1.094399e-11 7.108524e-16 4.853277e-21 1.645314e-27 3.090971e-36 0.000000e+00 
0.000000e+00 2.872317e-31 1.901370e-23 1.227237e-17 5.193137e-13 2.747031e-09 2.535832e-06 4.827012e-04 2.058141e-02 2.045433e-01 4.783422e-01 2.621061e-01 3.301296e-02 9.232605e-04 5.438837e-06 6.170758e-09 1.170445e-12 2.898993e-17 6.012829e-23 4.553206e-30 1.071067e-39 0.000000e+00 
1.780406e-03 1.235677e-02 4.776404e-02 1.292638e-01 2.429954e-01 2.936143e-01 1.995989e-01 6.419548e-02 8.096744e-03 3.304403e-04 3.617603e-06 8.826853e-09 3.963556e-12 2.671784e-16 2.117293e-21 1.453242e-27 5.789631e-35 7.141203e-44 1.030338e-54 2.962158e-68 6.423156e-87 0.000000e+00 
0.000000e+00 6.810031e-30 4.469587e-22 2.811532e-16 1.117301e-11 5.188423e-08 3.774351e-05 4.849447e-03 1.137379e-01 4.820160e-01 3.552762e-01 4.326641e-02 8.141579e-04 2.174587e-06 7.363581e-10 2.682905e-14 8.284021e-20 1.452215e-26 7.319291e-35 3.003619e-45 2.156226e-59 0.000000e+00 
0.000000e+00 3.745585e-103 1.415042e-80 4.036648e-64 6.051768e-51 3.960351e-40 3.654344e-31 1.005999e-23 1.337160e-17 1.236645e-12 1.060723e-08 1.071789e-05 1.590027e-03 4.264999e-02 2.550231e-01 4.181216e-01 2.283647e-01 4.937226e-02 4.669741e-03 1.947090e-04 3.164461e-06 9.316964e-09 
0.000000e+00 2.431477e-110 2.934450e-86 8.432106e-69 7.916722e-55 2.378148e-43 7.966870e-34 6.646128e-26 2.292112e-19 4.802357e-14 8.311223e-10 1.532617e-06 3.825731e-04 1.629754e-02 1.495282e-01 3.745958e-01 3.218450e-01 1.156988e-01 1.990938e-02 1.686137e-03 5.508914e-05 0.000000e+00 
0.000000e+00 1.697128e-118 2.621689e-92 3.051023e-73 5.576569e-58 1.866336e-45 4.426666e-35 1.763504e-26 2.043719e-19 1.043348e-13 3.250991e-09 8.098700e-06 2.068901e-03 6.860929e-02 3.737807e-01 4.219325e-01 1.223641e-01 1.090792e-02 3.254558e-04 3.078377e-06 6.296777e-09 0.000000e+00 
0.000000e+00 1.050244e-134 1.664178e-105 2.660910e-84 2.515966e-67 2.229833e-53 8.483384e-42 3.693905e-32 3.440971e-24 1.104840e-17 1.788843e-12 2.005052e-08 2.093447e-05 2.710317e-03 5.809744e-02 2.768155e-01 3.901379e-01 2.113665e-01 5.341965e-02 6.963277e-03 4.589157e-04 9.490530e-06 
0.000000e+00 5.682931e-13 4.422484e-09 4.143498e-06 7.810632e-04 3.354016e-02 3.114918e-01 5.233007e-01 1.273652e-01 3.508411e-03 8.455960e-06 1.376801e-09 1.147226e-14 3.604647e-21 2.952924e-29 3.922902e-39 4.499166e-51 1.665472e-65 4.212560e-83 4.413688e-105 3.487750e-135 0.000000e+00 
3.381948e-03 2.330224e-02 8.749017e-02 2.169211e-01 3.293757e-01 2.555860e-01 7.730148e-02 6.533219e-03 1.079811e-04 2.430006e-07 5.248189e-11 7.703209e-16 5.391909e-22 1.237530e-29 5.942085e-39 3.413662e-50 1.129935e-63 6.820435e-80 1.270813e-99 2.871425e-124 2.765082e-158 0.000000e+00 
0.000000e+00 8.185116e-166 1.087989e-129 1.950130e-103 2.037540e-82 3.760770e-65 8.044181e-51 6.686809e-39 4.679653e-29 4.968095e-21 1.277894e-14 1.176152e-09 5.573205e-06 1.927884e-03 6.926175e-02 3.692667e-01 4.121134e-01 1.316973e-01 1.503864e-02 6.774242e-04 1.129594e-05 3.347196e-08 
0.000000e+00 4.865775e-140 7.827905e-108 2.964121e-84 2.169603e-65 5.883684e-50 3.001944e-37 7.879522e-27 2.003645e-18 7.857303e-12 6.740818e-07 1.679238e-03 1.558059e-01 6.726398e-01 1.670092e-01 2.861336e-03 3.857567e-06 4.243802e-10 3.161858e-15 9.191496e-22 1.805326e-30 0.000000e+00 
4.157158e-03 2.854582e-02 1.057203e-01 2.515376e-01 3.454254e-01 2.176155e-01 4.495940e-02 2.025944e-03 1.286807e-05 7.405034e-09 2.521223e-13 3.336010e-19 1.114960e-26 5.971975e-36 2.969953e-47 6.961857e-61 3.170704e-77 6.946151e-97 8.491490e-121 1.141036e-150 6.549228e-192 0.000000e+00 
0.000000e+00 2.554829e-200 2.848730e-157 4.292998e-126 3.901921e-101 1.290424e-80 1.471135e-63 2.483154e-49 1.565164e-37 7.476347e-28 4.785392e-20 6.600287e-14 3.076509e-09 7.518063e-06 1.503328e-03 3.904181e-02 2.078640e-01 3.475932e-01 2.595550e-01 1.102198e-01 2.986276e-02 4.352664e-03 
