6.086957e-02 1.147826e-01 1.565217e-01 1.808696e-01 1.826087e-01 1.565217e-01 8.695652e-02 4.173913e-02 1.565217e-02 3.478261e-03 0.000000e+00 
0.000000e+00 3.478261e-03 1.565217e-02 4.173913e-02 8.695652e-02 1.565217e-01 1.826087e-01 1.808696e-01 1.565217e-01 1.147826e-01 6.086957e-02 
6.849315e-03 2.739726e-02 6.164384e-02 1.095890e-01 1.712329e-01 2.465753e-01 1.712329e-01 1.095890e-01 6.164384e-02 2.739726e-02 6.849315e-03 
0.000000e+00 1.229050e-02 5.027933e-02 1.162011e-01 1.955307e-01 2.513966e-01 1.955307e-01 1.162011e-01 5.027933e-02 1.229050e-02 0.000000e+00 
0.000000e+00 2.595267e-02 9.651820e-02 1.933224e-01 2.627440e-01 2.412955e-01 1.251162e-01 4.461285e-02 9.651820e-03 7.864446e-04 0.000000e+00 
2.111549e-06 2.702783e-04 4.617957e-03 3.459562e-02 1.649648e-01 5.910986e-01 1.649648e-01 3.459562e-02 4.617957e-03 2.702783e-04 2.111549e-06 
2.789288e-01 3.484099e-01 2.438037e-01 1.034655e-01 2.342466e-02 1.904716e-03 6.193255e-05 8.321832e-07 2.438037e-09 2.477302e-13 0.000000e+00 
0.000000e+00 2.477302e-13 2.438037e-09 8.321832e-07 6.193255e-05 1.904716e-03 2.342466e-02 1.034655e-01 2.438037e-01 3.484099e-01 2.789288e-01 
3.871434e-01 3.821665e-01 1.826550e-01 4.373162e-02 4.213635e-03 8.918703e-05 5.728295e-07 9.975401e-10 1.826550e-13 2.291318e-19 0.000000e+00 
0.000000e+00 2.291318e-19 1.826550e-13 9.975401e-10 5.728295e-07 8.918703e-05 4.213635e-03 4.373162e-02 1.826550e-01 3.821665e-01 3.871434e-01 
2.041923e-01 4.031347e-01 2.890151e-01 9.226205e-02 1.111206e-02 2.822413e-04 1.510647e-06 2.104544e-09 2.890151e-13 2.417035e-19 0.000000e+00 
0.000000e+00 2.417035e-19 2.890151e-13 2.104544e-09 1.510647e-06 2.822413e-04 1.111206e-02 9.226205e-02 2.890151e-01 4.031347e-01 2.041923e-01 
